0: [34, 56, 36, 8, 96, 95, 62, 3]
1: [49, 5]
2: [83, 67]
3: [67, 37, 74]
4: [27, 76, 28, 25, 32]
5: [53, 96]
6: [10, 79, 47, 39]
7: [42, 63, 77]
8: [58, 27, 26, 15]
9: [87, 21, 37, 11, 12, 51, 54]
10: [49, 70, 85, 33, 73, 47, 25, 59]
11: [79, 62, 86, 97, 8]
12: [82, 97, 44]
13: [18, 10, 29]
14: [62, 90, 95, 87, 48, 53, 13, 24, 64]
15: [59, 42, 61, 81, 20, 18, 13]
16: [94, 22, 57, 79, 70, 0]
17: [41, 16, 2, 44, 93, 74, 32, 80, 57, 47]
18: [21, 85, 0, 93, 91]
19: [80, 1, 25, 87, 28, 93]
20: [28, 11, 29]
21: [40, 8]
22: [26, 16, 86, 71, 6, 64, 30, 79, 54, 88]
23: [0, 79, 12, 61, 17, 5, 43, 97, 4, 38]
24: [81, 8, 54, 34, 14, 7, 36, 21, 98, 13]
25: [62]
26: [96, 46, 58]
27: [15, 25, 40, 80, 39]
28: [52]
29: [30, 70, 63, 83, 26, 5]
30: [59, 79, 89]
31: [29, 94, 47, 32, 92, 99, 93, 50, 18, 81]
32: [11, 58, 25]
33: [90, 61, 82, 39]
34: [77, 42]
35: [7]
36: [78]
37: [88, 71, 1, 15, 91, 25, 58, 57, 73]
38: [7, 78]
39: [94, 41, 83, 13, 46, 49, 96]
40: [73, 49, 58, 78]
41: [61]
42: [12, 27]
43: [92]
44: [23, 90, 72]
45: [22, 34, 42, 91, 63, 87, 35]
46: [58, 79, 30, 61, 51, 96, 81, 43]
47: [67, 10, 92, 51, 72, 27, 76, 93]
48: [84, 41, 50, 59, 64, 1]
49: [31, 16, 94, 4, 5]
50: [18, 54, 21, 12, 38, 74, 61, 13, 48]
51: [56, 86, 19, 76, 60]
52: [44, 55]
53: [79, 49, 60, 46, 21, 73, 25, 14, 44, 59]
54: [12, 73]
55: [68, 60, 52, 32, 97, 15, 43, 42, 84]
56: [10, 2, 66, 61, 17, 83, 86]
57: [50, 64, 30, 12, 34]
58: [80, 2, 23]
59: [91, 44, 7, 31, 12, 39, 86, 46, 21, 56]
60: [67, 22, 4, 16, 14, 26, 97, 88, 71]
61: [50, 81, 90, 25, 96, 58, 37]
62: [33]
63: [78, 13, 60, 18]
64: [77]
65: [24, 62, 90]
66: [17, 6, 40, 53]
67: [49]
68: [38, 99, 82, 25, 40, 36, 89, 98, 33]
69: [40, 83, 60, 82, 79, 73]
70: [8, 21, 40, 14, 61, 55, 88, 83]
71: [10, 45, 17, 58, 88, 63]
72: [88, 76, 18]
73: [96, 99, 26, 79, 93, 67, 65, 7, 53, 32]
74: [93, 82, 49, 25]
75: [46, 68, 25, 16, 62]
76: [58, 84]
77: [49, 68, 10]
78: [22, 35, 5, 41, 62]
79: [60, 50, 4, 74, 95, 87]
80: [92, 7, 49, 60, 50, 26, 64, 30]
81: [59, 79, 87, 47, 78, 19, 26, 1, 94, 95]
82: [36, 81]
83: [14]
84: [43, 35, 13, 0, 30]
85: [59, 54, 68, 86, 39, 80, 53, 38, 77, 35]
86: [37]
87: [52, 13, 57, 8, 4, 12, 77]
88: [97, 78, 9, 77, 52]
89: [64, 60, 5, 44, 81, 2]
90: [2, 74, 63, 25, 29, 92]
91: [3]
92: [86, 71, 22, 37, 0, 51, 61, 33, 11]
93: [13, 59, 42, 49, 54]
94: [54, 2, 91, 87]
95: [12, 96, 6, 0, 4, 58, 39, 86, 28]
96: [74, 49, 91, 94, 32, 47, 31, 45, 41]
97: [64, 58, 95, 99, 85, 26]
98: [55, 95, 36, 90, 75, 17, 62, 45, 16]
99: [78, 43, 58, 28]
